0,13.368594010072384,3.712806466124198,13.646149742114021,12.193769386693813,7.425612795085887,11.357003469181613,7.2413625175707255,8.141661077125898,2.7846048570938193
13.368594010072384,0,15.734183614666069,2.1622026906307177,5.246201534747342,11.11949266445603,9.638333305295456,6.21702536609924,14.455340463792131,12.048122425087138
3.712806466124198,15.734183614666069,0,16.396377926086064,15.43464025170232,11.138418849726438,15.015119050224639,10.032786462637798,11.629062436520693,6.497411233205991
13.646149742114021,2.1622026906307177,16.396377926086064,0,3.4623619228312217,10.178093349683904,8.001686903604668,6.425505307633737,13.471820132247643,11.929941353741247
12.193769386693813,5.246201534747342,15.43464025170232,3.4623619228312217,0,7.229120787003709,4.5435298131344934,5.675670214266834,10.387601600200256,9.980638204361114
7.425612795085887,11.11949266445603,11.138418849726438,10.178093349683904,7.229120787003709,0,4.327526076711136,6.217743805743311,3.335847799336098,4.641008066580682
11.357003469181613,9.638333305295456,15.015119050224639,8.001686903604668,4.5435298131344934,4.327526076711136,0,7.301383462715402,6.6856036432960275,8.64383406372483
7.2413625175707255,6.21702536609924,10.032786462637798,6.425505307633737,5.675670214266834,6.217743805743311,7.301383462715402,0,9.321149646417952,5.861316202664003
8.141661077125898,14.455340463792131,11.629062436520693,13.471820132247643,10.387601600200256,3.335847799336098,6.6856036432960275,9.321149646417952,0,5.716141494980597
2.7846048570938193,12.048122425087138,6.497411233205991,11.929941353741247,9.980638204361114,4.641008066580682,8.64383406372483,5.861316202664003,5.716141494980597,0